"DATE","GDP","GDPGR","TSpread"
"1955-04-01",2727.452,6.45872321460885,1.28
"1955-07-01",2764.128,5.34294979699119,1.09
"1955-10-01",2780.762,2.39991053359034,0.57
"1956-01-01",2770.032,-1.54644735365679,0.57
"1956-04-01",2792.872,3.2846338303667,0.51
"1956-07-01",2790.588,-0.327252295515024,0.69
"1956-10-01",2836.238,6.49047993920213,0.44
"1957-01-01",2854.517,2.56965029962579,0.3
"1957-04-01",2848.186,-0.888140602933518,0.49
"1957-07-01",2875.927,3.87710266201786,0.58
"1957-10-01",2846.446,-4.12154339907005,0.32
"1958-01-01",2772.654,-10.5064857308065,1.28
"1958-04-01",2790.948,2.63053553174863,1.96
"1958-07-01",2855.472,9.14233214831341,1.82
"1958-10-01",2922.264,9.24860195471524,1.11
"1959-01-01",2976.629,7.37311753664827,1.22
"1959-04-01",3049.011,9.61032942999225,1.26
"1959-07-01",3043.139,-0.771090904646599,0.96
"1959-10-01",3055.104,1.56963444763178,0.35
"1960-01-01",3123.162,8.81292622284207,0.62
"1960-04-01",3111.31,-1.52083631494051,1.27
"1960-07-01",3119.057,0.994741271911437,1.47
"1960-10-01",3081.3,-4.87165067564632,1.58
"1961-01-01",3102.251,2.71055646459644,1.44
"1961-04-01",3159.918,7.36724035032736,1.49
"1961-07-01",3212.606,6.61454715635443,1.68
"1961-10-01",3277.717,8.02587907153338,1.51
"1962-01-01",3336.753,7.14041399416132,1.3
"1962-04-01",3372.706,4.28688442693428,1.15
"1962-07-01",3404.833,3.79220134396476,1.15
"1962-10-01",3418.046,1.54925995523811,1.09
"1963-01-01",3456.08,4.42638242261424,0.98
"1963-04-01",3501.134,5.18076687866369,1.02
"1963-07-01",3569.479,7.7330922989816,0.74
"1963-10-01",3594.954,2.8446195102461,0.62
"1964-01-01",3672.708,8.55922763537649,0.65
"1964-04-01",3716.382,4.72853989849682,0.72
"1964-07-01",3766.862,5.39667189448352,0.69
"1964-10-01",3780.219,1.41586013940582,0.49
"1965-01-01",3873.452,9.74566186329042,0.31
"1965-04-01",3926.406,5.43136181249722,0.34
"1965-07-01",4006.152,8.04267038341209,0.38
"1965-10-01",4100.631,9.32387387933744,0.3
"1966-01-01",4201.891,9.75751910011269,0.159999999999999
"1966-04-01",4219.097,1.63458482010128,0.19
"1966-07-01",4249.152,2.83932380314553,0.0999999999999996
"1966-10-01",4285.582,3.41477273914848,-0.21
"1967-01-01",4324.926,3.65546597883508,0.0700000000000003
"1967-04-01",4328.72,0.350742356975786,1.16
"1967-07-01",4366.088,3.43821094811148,0.95
"1967-10-01",4401.233,3.20692610680666,0.89
"1968-01-01",4490.609,8.04143934394617,0.56
"1968-04-01",4566.442,6.69840742999313,0.220000000000001
"1968-07-01",4599.332,2.87069187328655,0.26
"1968-10-01",4619.803,1.77639517327535,0.18
"1969-01-01",4691.637,6.1717994310321,0.0899999999999999
"1969-04-01",4706.684,1.28082561612217,0.149999999999999
"1969-07-01",4736.143,2.49578610914867,-0.159999999999999
"1969-10-01",4715.469,-1.74988418667468,-0.0499999999999998
"1970-01-01",4707.112,-0.709529772468187,0.16
"1970-04-01",4715.441,0.707154604005922,1.03
"1970-07-01",4757.213,3.52781982893831,1.13
"1970-10-01",4708.281,-4.13564772350128,1.5
"1971-01-01",4834.349,10.5694413420785,2.18
"1971-04-01",4861.938,2.27625889805054,2
"1971-07-01",4899.95,3.11515084967553,1.47
"1971-10-01",4914.261,1.16655410349651,1.66
"1972-01-01",5002.436,7.11344301963521,2.59
"1972-04-01",5118.278,9.15722422588559,2.37
"1972-07-01",5165.448,3.66951284479526,2.07
"1972-10-01",5251.226,6.58789467327949,1.51
"1973-01-01",5380.502,9.72804208811624,0.899999999999999
"1973-04-01",5441.504,4.50952594969181,0.21
"1973-07-01",5411.935,-2.17951734243798,-1.11
"1973-10-01",5462.397,3.71240180786145,-0.75
"1974-01-01",5417.024,-3.33644689846508,-0.57
"1974-04-01",5431.265,1.05019386415464,-0.61
"1974-07-01",5378.679,-3.8917067329308,-0.23
"1974-10-01",5357.166,-1.60308043154842,0.31
"1975-01-01",5292.444,-4.86198438067262,1.79
"1975-04-01",5333.22,3.07001615433933,2.66
"1975-07-01",5421.357,6.55638790890762,1.97
"1975-10-01",5494.446,5.35664429142528,2.43
"1976-01-01",5618.52,8.93220807268662,2.83
"1976-04-01",5660.972,3.01092995650478,2.61
"1976-07-01",5689.756,2.02870241980477,2.58
"1976-10-01",5732.462,2.99109675530644,2.52
"1977-01-01",5799.16,4.62718904806536,2.72
"1977-04-01",5912.977,7.77453904760179,2.53
"1977-07-01",6017.586,7.01470205027093,1.86
"1977-10-01",6018.218,0.0420079955162578,1.49
"1978-01-01",6039.158,1.38935841778576,1.62
"1978-04-01",6273.963,15.2574456565446,1.84
"1978-07-01",6335.317,3.8926558350127,1.18
"1978-10-01",6420.288,5.32924980972496,0.25
"1979-01-01",6433.044,0.793942251727486,-0.270000000000001
"1979-04-01",6440.832,0.483956872042768,-0.270000000000001
"1979-07-01",6487.08,2.8619128774757,-0.57
"1979-10-01",6503.874,1.03419714089341,-1.39
"1980-01-01",6524.912,1.29178686545757,-1.36
"1980-04-01",6392.578,-8.19593464801116,0.860000000000001
"1980-07-01",6382.892,-0.606537488228298,1.8
"1980-10-01",6501.184,7.34521118902904,-1.19
"1981-01-01",6635.726,8.19350695292087,-1.43
"1981-04-01",6587.269,-2.93169388122934,-1.16
"1981-07-01",6662.858,4.56386991715121,-0.200000000000001
"1981-10-01",6585.127,-4.69396014637766,2.34
"1982-01-01",6474.973,-6.74767342926899,1.48
"1982-04-01",6510.247,2.17318377449516,1.51
"1982-07-01",6486.8,-1.44322170635789,3.8
"1982-10-01",6493.128,0.390017602646253,2.76
"1983-01-01",6578.175,5.2051857496977,2.45
"1983-04-01",6728.287,9.02529122697331,2.14
"1983-07-01",6860.022,7.75602776734488,2.49
"1983-10-01",7001.489,8.16487679632587,2.89
"1984-01-01",7140.597,7.86941823236447,2.77
"1984-04-01",7266.01,6.96436950786108,3.4
"1984-07-01",7337.493,3.91596843169495,2.55
"1984-10-01",7396.019,3.17786053096754,2.94
"1985-01-01",7469.545,3.95688180157947,3.4
"1985-04-01",7537.928,3.6453024849628,3.35
"1985-07-01",7655.196,6.17491590720505,3.23
"1985-10-01",7712.624,2.98953357436247,2.59
"1986-01-01",7784.109,3.69035238834527,1.66
"1986-04-01",7819.843,1.83205190417084,1.46
"1986-07-01",7898.555,4.0061414883624,1.79
"1986-10-01",7939.45,2.0656687952588,1.91
"1987-01-01",7994.965,2.78718608074442,1.65
"1987-04-01",8084.71,4.46506198100138,2.68
"1987-07-01",8158.035,3.6114830642525,2.84
"1987-10-01",8292.687,6.54828437154578,3.26
"1988-01-01",8339.324,2.2432463389535,2.7
"1988-04-01",8449.51,5.2505174369557,2.7
"1988-07-01",8498.282,2.30222955946573,2.09
"1988-10-01",8610.85,5.26360422480465,1.23
"1989-01-01",8697.711,4.01474064471188,0.670000000000002
"1989-04-01",8766.105,3.13307697103866,0.359999999999999
"1989-07-01",8831.544,2.97491109799424,0.27
"1989-10-01",8850.23,0.845435846257203,0.26
"1990-01-01",8947.129,4.35570052782595,0.66
"1990-04-01",8981.727,1.54379255191657,0.93
"1990-07-01",8983.945,0.0987661362742642,1.22
"1990-10-01",8907.363,-3.42434293626894,1.41
"1991-01-01",8865.564,-1.88147183929743,2
"1991-04-01",8934.366,3.09225227959118,2.57
"1991-07-01",8977.252,1.91545317465156,2.56
"1991-10-01",9016.444,1.74247967631018,2.81
"1992-01-01",9122.95,4.69727815392531,3.41
"1992-04-01",9223.545,4.38649488586336,3.7
"1992-07-01",9313.208,3.86966150069554,3.54
"1992-10-01",9406.528,3.98812346730679,3.67
"1993-01-01",9424.065,0.745043135714951,3.32
"1993-04-01",9480.106,2.37158938801656,3.02
"1993-07-01",9526.337,1.94591239089021,2.62
"1993-10-01",9653.509,5.30447903256075,2.55
"1994-01-01",9748.156,3.90266508799542,2.83
"1994-04-01",9881.384,5.42977760135201,3.09
"1994-07-01",9939.655,2.35189155825068,2.85
"1994-10-01",10052.518,4.51633542816055,2.56
"1995-01-01",10086.878,1.36488833482389,1.74
"1995-04-01",10122.122,1.39518177964391,1.02
"1995-07-01",10208.772,3.40961001155833,0.95
"1995-10-01",10281.246,2.82964328228488,0.63
"1996-01-01",10348.691,2.61543175006764,0.98
"1996-04-01",10529.379,6.9237247059462,1.7
"1996-07-01",10626.778,3.68307677564985,1.68
"1996-10-01",10739.057,4.20409625271532,1.36
"1997-01-01",10820.908,3.03716237908986,1.5
"1997-04-01",10984.15,5.9892544132687,1.65
"1997-07-01",11124.013,5.06111216629819,1.19
"1997-10-01",11210.329,3.09179217348401,0.82
"1998-01-01",11321.246,3.93822077598571,0.54
"1998-04-01",11431.046,3.8607399165322,0.619999999999999
"1998-07-01",11580.587,5.19886981039406,0.38
"1998-10-01",11770.686,6.51281665586225,0.42
"1999-01-01",11864.675,3.18131787158009,0.57
"1999-04-01",11962.524,3.28530600865875,1.09
"1999-07-01",12113.075,5.00267386548714,1.23
"1999-10-01",12323.336,6.88370118468242,1.1
"2000-01-01",12359.095,1.15901144480972,0.960000000000001
"2000-04-01",12592.53,7.48462068847573,0.47
"2000-07-01",12607.676,0.480821524197239,-0.13
"2000-10-01",12679.338,2.2671618514039,-0.449999999999999
"2001-01-01",12643.283,-1.13906137487305,0.23
"2001-04-01",12710.303,2.11473536262261,1.61
"2001-07-01",12670.106,-1.26702555847942,1.81
"2001-10-01",12705.269,1.10857151885924,2.86
"2002-01-01",12822.258,3.66631108555922,3.36
"2002-04-01",12893.002,2.20084660924371,3.39
"2002-07-01",12955.769,1.94259520859248,2.62
"2002-10-01",12964.016,0.25453915696616,2.68
"2003-01-01",13031.169,2.06663347475953,2.76
"2003-04-01",13152.089,3.69460086805589,2.58
"2003-07-01",13372.357,6.64362418237872,3.3
"2003-10-01",13528.71,4.64977127119397,3.37
"2004-01-01",13606.509,2.29367489313432,3.1
"2004-04-01",13706.247,2.92137324658484,3.52
"2004-07-01",13830.828,3.61931977076324,2.81
"2004-10-01",13950.376,3.44257903058391,2.16
"2005-01-01",14099.081,4.24126265834772,1.76
"2005-04-01",14172.695,2.08304328281486,1.3
"2005-07-01",14291.757,3.34628453426618,0.85
"2005-10-01",14373.438,2.2795929648403,0.66
"2006-01-01",14546.119,4.77692109290899,0.180000000000001
"2006-04-01",14589.585,1.19347813929167,0.37
"2006-07-01",14602.633,0.357574771986435,-0.00999999999999979
"2006-10-01",14716.93,3.11867073848404,-0.27
"2007-01-01",14726.022,0.247040454068781,-0.300000000000001
"2007-04-01",14838.664,3.04802953228389,0.109999999999999
"2007-07-01",14938.467,2.68134290628197,0.430000000000001
"2007-10-01",14991.784,1.42510148403332,0.87
"2008-01-01",14889.45,-2.73976369457642,1.62
"2008-04-01",14963.357,1.98057491870571,2.26
"2008-07-01",14891.643,-1.92166505924618,2.37
"2008-10-01",14576.985,-8.54250721894161,2.95
"2009-01-01",14375.018,-5.58083048659483,2.53
"2009-04-01",14355.558,-0.541861826254575,3.14
"2009-07-01",14402.477,1.30520855489777,3.36
"2009-10-01",14541.901,3.85360026386934,3.4
"2010-01-01",14604.845,1.72764665669192,3.61
"2010-04-01",14745.933,3.84559718901514,3.34
"2010-07-01",14845.458,2.69065757059295,2.63
"2010-10-01",14939.001,2.51254004819543,2.72
"2011-01-01",14881.301,-1.54794064817665,3.33
"2011-04-01",14989.555,2.899266735038,3.16
"2011-07-01",15021.149,0.842206478645124,2.41
"2011-10-01",15190.255,4.47798496562086,2.04
"2012-01-01",15291.035,2.64504204985698,1.97
"2012-04-01",15362.415,1.86289318868091,1.73
"2012-07-01",15380.802,0.478466575371783,1.54
"2012-10-01",15384.254,0.0897641795802429,1.62
"2013-01-01",15491.878,2.7885471114466,1.86
"2013-04-01",15521.559,0.765629660764233,1.95
"2013-07-01",15641.336,3.07487708906677,2.68
"2013-10-01",15793.928,3.88336356320949,2.69
"2014-01-01",15757.57,-0.921871059004786,2.71
"2014-04-01",15935.825,4.49953385277269,2.59
"2014-07-01",16139.513,5.08030781931978,2.47
"2014-10-01",16220.222,1.99529859818881,2.26
"2015-01-01",16349.97,3.18693083167148,1.94
"2015-04-01",16460.889,2.70445641271735,2.15
"2015-07-01",16527.587,1.61748826190831,2.18
"2015-10-01",16547.619,0.48452009518769,2.07
"2016-01-01",16571.573,0.578613250634419,1.63
"2016-04-01",16663.516,2.2131605437643,1.49
"2016-07-01",16778.148,2.74226662827672,1.26
"2016-10-01",16851.42,1.74304031368706,1.7
"2017-01-01",16903.24,1.22815731422676,1.85
"2017-04-01",17031.085,3.01395368519763,1.37
"2017-07-01",17163.894,3.10711506015906,1.2
"2017-10-01",17271.702,2.50457932481538,1.16
